snr,object_side_size,trial,accuracy,recall,precision,f1,ext_precision,ext_recall,ext_f1,mixed_f1,object_inferred_transformation_array,agents_action
30,3,0,1.0,0.17777777777777776,0.6666666666666665,0.28070175438596484,0.9999999999999998,0.11428571428571428,0.2051282051282051,0.3018867924528302,3,0
30,3,1,1.0,0.30222222222222217,0.7083333333333333,0.4236760124610591,0.9999999999999999,0.18285714285714286,0.30917874396135264,0.4641638225255972,4,0
30,3,2,1.0,0.4195555555555555,0.7946127946127947,0.5491564863292611,1.0000000000000002,0.2262857142857143,0.3690587138863002,0.5911083281152161,2,0
30,3,3,1.0,0.5356444444444444,0.7530617345663583,0.6260128817785164,1.0,0.30483809523809524,0.4672427887422632,0.6976151887010882,2,0
30,3,4,1.0,0.6062933333333332,0.7372562583769293,0.6653919694072657,1.0,0.35244190476190473,0.5211934110011943,0.7548974035460521,3,0
30,3,5,1.0,0.6628124444444443,0.7000698507597207,0.680931890738806,0.9999999999999998,0.4057630476190476,0.577285123984859,0.7972185277527123,3,0
30,3,6,1.0,0.7302499555555555,0.7263615645454945,0.7283005700652617,0.9999999999999998,0.430865676190476,0.6022447576457475,0.8440976440552301,2,0
30,3,7,1.0,0.7841999644444444,0.7292212699246512,0.7557120000175431,0.9999999999999998,0.460883017142857,0.630964987250294,0.8790494115816494,1,0
30,3,8,1.0,0.8273599715555555,0.7307489024147654,0.7760592359319944,0.9999999999999997,0.4852321279999998,0.6534091457520637,0.9055248932165876,2,0
30,3,9,1.0,0.8618879772444443,0.6955758183642001,0.7698521619576862,1.0000000000000002,0.5310428452571428,0.6937008286896801,0.9258215185642058,0,0
30,3,10,1.0,0.8228437151288889,0.7128334419503646,0.7638982125098842,1.0,0.4947120683885714,0.6619496541857907,0.9028132343981092,1,0
30,3,11,1.0,0.8582749721031111,0.6951994965309329,0.7681778368920757,0.9999999999999999,0.5291029880441902,0.6920436258135144,0.9237330158213931,4,0
30,3,12,1.0,0.8866199776824888,0.703380694362299,0.7844416502488476,1.0,0.5402195332924952,0.701483810087357,0.9399030946037228,4,0
30,3,13,1.0,0.9092959821459912,0.6891107049569671,0.7840377550057136,1.0,0.5655089599673294,0.7224602023090702,0.9524934747141404,0,0
30,3,14,1.0,0.9274367857167929,0.7249538563059156,0.8137892544130156,1.0000000000000002,0.5482733896881493,0.7082384717579906,0.9623524803402456,3,0
30,3,15,1.0,0.9197272063512121,0.7104583184441932,0.8016607122476631,0.9999999999999999,0.5548091879409954,0.7136685224708746,0.9581853122760285,1,0
30,3,16,1.0,0.9135595428587475,0.7186595291265222,0.8044732256453297,1.0000000000000002,0.5447997313051777,0.7053337986340594,0.9548274013924254,3,0
30,3,17,1.0,0.9086254120647757,0.7078582820815807,0.7957742172951447,1.0,0.5501254993298562,0.7097818848444003,0.9521254472681603,4,0
30,3,18,1.0,0.8824558852073763,0.6821876847106783,0.7695050154080278,0.9999999999999997,0.554386113749599,0.7133184076281663,0.9375581039022993,2,0
30,3,19,1.0,0.9059647081659009,0.6890230046329091,0.7827402309156039,1.0000000000000002,0.5635088909996794,0.7208259501989555,0.9506626269462312,4,0
30,3,20,1.0,0.9025495443104986,0.6731565411056251,0.7711554014390511,1.0000000000000002,0.5746166366092674,0.7298495687771085,0.948779018143878,3,0
30,3,21,1.0,0.9220396354483987,0.677220094487444,0.7808910051959889,0.9999999999999999,0.5835028330969376,0.736977314976761,0.9594387321084491,3,0
30,3,22,1.0,0.915409486136497,0.6941728819135937,0.7895867322307032,1.0,0.5651594313506892,0.7221749043967646,0.9558368513491454,4,0
30,3,23,1.0,0.9101053666869752,0.6662189935017707,0.769295326124575,1.0,0.5854608784138846,0.7385371488946321,0.9529373432058649,4,0
30,3,24,1.0,0.9280842933495802,0.661042156408685,0.7721258968386839,1.0,0.601702036064441,0.751328302663446,0.962700953014101,1,0
30,3,25,1.0,0.8980229902352197,0.6902798722033026,0.7805654823079295,1.0,0.557552105042029,0.7159338082329951,0.9462719839067163,4,0
30,3,26,1.0,0.8961961699659535,0.6973158502515371,0.78434525290457,1.0,0.5508035887955278,0.7103460332114963,0.9452568085105296,1,0
30,3,27,1.0,0.9169569359727627,0.6962173383914544,0.7914846244794554,1.0,0.5644523948459461,0.7215974058469559,0.9566797446155999,2,0
30,3,28,1.0,0.8891211043337659,0.70672358198027,0.7874987548072219,0.9999999999999999,0.5391809634958046,0.7006076300101982,0.9413066237988285,4,0
30,3,29,1.0,0.8890746612447905,0.7104181384097396,0.7897688140705786,1.0000000000000002,0.5363489149211101,0.6982123783367936,0.9412805957165737,2,0
30,3,30,1.0,0.8890375067736103,0.7229294277840927,0.7974250119799038,1.0,0.5270446321426273,0.6902805864987984,0.9412597723292914,2,0
30,3,31,1.0,0.8890077831966658,0.7109313444792795,0.7900594311717598,0.9999999999999997,0.535921419999816,0.6978500501671239,0.9412431130296836,0,0
30,3,32,1.0,0.8889840043351105,0.6895221208042165,0.7766509439120054,1.0000000000000002,0.5525466598093768,0.7117939500474905,0.9412297852125195,1,0
30,3,33,1.0,0.8889649812458662,0.7186407156705047,0.7947800030243106,1.0000000000000002,0.5301466833910855,0.6929357677215406,0.9412191227171928,2,0
30,3,34,1.0,0.8889497627744708,0.7203505690535862,0.7958184744139581,1.0,0.5288792514747731,0.6918522191528345,0.9412105925663053,4,0
30,3,35,1.0,0.8889375879973545,0.7404267806090735,0.807914066521805,1.0,0.5145319726083899,0.6794600337452653,0.9412037683466326,1,0
30,3,36,1.0,0.866705625953439,0.7468640567577493,0.8023344597386213,1.0,0.49733986380099765,0.6642979003290546,0.9285937899402433,3,0
30,3,37,1.0,0.8489200563183067,0.7768215471297436,0.8112720867080015,1.0,0.46834808151698853,0.6379251451510407,0.9182874656124755,1,0
30,3,38,1.0,0.8569138228324231,0.7367254363211277,0.7922874720733699,1.0,0.4984879890231146,0.6653213007707668,0.9229440939002103,2,0
30,3,39,1.0,0.8855310582659386,0.7396822939404866,0.8060623470074719,0.9999999999999999,0.5130761055042059,0.6781894230405976,0.9392908744556374,3,0
30,3,40,1.0,0.8417581799460842,0.7471463286896689,0.7916354071286608,1.0,0.4828418367843172,0.651238486542038,0.9140811091396654,2,0
30,3,41,1.0,0.8067398772902007,0.7041155889564692,0.7519423750625244,1.0,0.4910353741893584,0.6586502006450693,0.8930337869114527,3,0
30,3,42,1.0,0.778725235165494,0.6707113277966469,0.7206936126948621,0.9999999999999998,0.49759020411339144,0.6645211790871408,0.8755992435144606,0,0
30,3,43,1.0,0.7563135214657284,0.6446149673146981,0.696011280838058,0.9999999999999998,0.502834068052618,0.669181087575681,0.8612511515991156,0,0
30,3,44,1.0,0.7606063727281384,0.6547233342064956,0.703704215252898,0.9999999999999998,0.4978807730072753,0.6647802441681478,0.8640277401126801,1,0
30,3,45,1.0,0.7640406537380663,0.6508999891252931,0.7029468772668717,0.9999999999999998,0.5030665231677249,0.6693869039242629,0.8662392809587878,0,0
30,3,46,1.0,0.7890103007682308,0.6425445781167769,0.7082848143855723,0.9999999999999999,0.5262627423437036,0.6896096297752552,0.8820634519872989,2,0
30,3,47,1.0,0.7867637961701401,0.6913707580594027,0.7359891298331325,1.0,0.4877042891130583,0.6556468146016015,0.8806578663128705,1,0
30,3,48,1.0,0.7627443702694454,0.6604843611534441,0.7079406380689631,0.9999999999999998,0.4949253360523513,0.6621405418939522,0.8654055382435918,3,0
30,3,49,1.0,0.7879732739933342,0.687536048832237,0.7343363040896534,1.0,0.4911783640799764,0.6587788233945071,0.8814150473663868,1,0
30,3,50,1.0,0.7637119525280006,0.6704588373033158,0.7140536278622617,1.0,0.4881807865020762,0.6560772601419352,0.8660279831220069,4,0
30,3,51,1.0,0.744302895355734,0.6566453253773874,0.6977317357874033,1.0000000000000002,0.4857827244397563,0.6539081609296948,0.8534101472140715,0,0
30,3,52,1.0,0.7954423162845871,0.6652617052248473,0.7245510438078421,1.0000000000000002,0.5124357033613288,0.6776297362227838,0.8860683621745554,4,0
30,3,53,1.0,0.8141316308054474,0.6975176269444369,0.7513266192252902,1.0,0.5002218475652536,0.6668638353415206,0.897544166014001,1,0
30,3,54,1.0,0.8513053046443579,0.7071237835149203,0.772544907586986,0.9999999999999999,0.5159565256712503,0.6807009527437337,0.9196811595674615,2,0
30,3,55,1.0,0.858822021493264,0.7085945043178548,0.7765090575427702,0.9999999999999997,0.519431887203667,0.6837185550444373,0.9240497600769102,1,0
30,3,56,1.0,0.8648353949723889,0.7394082503361131,0.7972185872081838,1.0,0.5012707669057909,0.667795281112334,0.9275192837973711,1,0
30,3,57,1.0,0.8696460937556891,0.7101503569269396,0.7818469064338838,1.0,0.5248261373341564,0.6883750540264302,0.9302788336896103,2,0
30,3,58,1.0,0.8734946527823291,0.7376741596784719,0.7998596161884435,1.0,0.5074799574863728,0.6732825268636584,0.932476269932344,2,0
30,3,59,1.0,0.8765735000036411,0.722076206604971,0.7918593611552625,1.0,0.5202696802748124,0.6844439338956829,0.9342277294248695,3,0
30,3,60,1.0,0.9012588000029128,0.7481400750858175,0.8175921985755694,0.9999999999999999,0.5162853645896638,0.6809870709652078,0.9480653554387567,4,0
30,3,61,1.0,0.8765625955578858,0.7475238545751323,0.8069169595672031,0.9999999999999998,0.5025521011955406,0.6689313479321924,0.9342215363695783,2,0
30,3,62,1.0,0.8790278542240864,0.7540746088579319,0.8117709700814592,1.0,0.4995874662978735,0.6662998691650001,0.9356198230356372,3,0
30,3,63,1.0,0.8810000611570469,0.7428978701572294,0.8060766091527136,0.9999999999999999,0.5082414016097273,0.6739523276145152,0.9367358134110035,2,0
30,3,64,1.0,0.8825778267034152,0.7342268409561973,0.8015963122328904,1.0,0.5151645498592103,0.6800113557396517,0.9376269221750035,4,0
30,3,65,1.0,0.9060622613627323,0.7740619546397234,0.8348767530110992,1.0,0.5016554494111779,0.6681365550371554,0.9507163325451355,3,0
30,3,66,1.0,0.9026275868679634,0.7366509887206287,0.8112367406181181,0.9999999999999997,0.5251338833384659,0.6886397175688808,0.9488221374460738,1,0
30,3,67,1.0,0.9221020694943708,0.714054435937029,0.8048509674024904,0.9999999999999997,0.553440440004106,0.7125351262294202,0.9594725317963362,1,0
30,3,68,1.0,0.9154594333732745,0.6924923365115434,0.7885169864810111,1.0000000000000002,0.5665618758128088,0.7233188609531926,0.9558640787929177,4,0
30,3,69,1.0,0.9323675466986197,0.7361933314556796,0.8227482489035571,0.9999999999999999,0.5427733101740565,0.7036332643229619,0.9650002126060707,1,0
30,3,70,1.0,0.879227370692229,0.6869803708228863,0.7713050180322449,1.0,0.5485043624249596,0.708431149094086,0.9357328276549721,2,0
30,3,71,1.0,0.8811596743315608,0.7197643900702548,0.7923265939371571,0.9999999999999999,0.5246714975590151,0.688242022493382,0.9368260295550578,1,0
30,3,72,1.0,0.8827055172430266,0.7187640031111834,0.7923434609003329,1.0,0.5263234704231665,0.6896617664894397,0.9376989753932756,1,0
30,3,73,1.0,0.9061644137944211,0.7491861449902184,0.8202320895658528,1.0,0.5183707412869156,0.6827986435612734,0.9507725642517955,1,0
30,3,74,1.0,0.9249315310355369,0.7361090527874743,0.8197878845763159,1.0,0.5385061168390562,0.7000376676375472,0.9610020056536354,0,0
30,3,75,1.0,0.9399452248284297,0.7263310423098532,0.8194456205468419,1.0,0.5546144172807688,0.7135073637755972,0.9690430562662502,0,0
30,3,76,1.0,0.8852895131960772,0.7040061835709518,0.7843087888658856,1.0000000000000002,0.5389296290627104,0.700395416249081,0.9391549754024477,2,0
30,3,77,1.0,0.8415649438901949,0.6851883770952553,0.7553682840554665,0.9999999999999999,0.5263817984882634,0.6897118388198741,0.9139671632893267,0,0
30,3,78,1.0,0.8510297328899337,0.6693283418775223,0.7493212677425548,0.9999999999999997,0.5449149626001344,0.7054303645076068,0.9195203272734654,4,0
30,3,79,1.0,0.8363793418675025,0.6947588251143485,0.7590195861307476,0.9999999999999999,0.5159319700801076,0.680679582280785,0.9109004036355017,3,0
30,3,80,1.0,0.8246590290495576,0.6937021591719146,0.7535331559711198,0.9999999999999999,0.5094770046355146,0.6750377820542357,0.9039048018512393,3,0
30,3,81,1.0,0.8375050010174239,0.6872255244371198,0.7549593897863738,1.0000000000000002,0.5222895570063985,0.6861895026508459,0.9115675881738539,4,0
30,3,82,1.0,0.847781778591717,0.6808241398020392,0.755185222305111,0.9999999999999999,0.5336694554830624,0.6959380374631919,0.9176211048448071,4,0
30,3,83,1.0,0.8337809784289291,0.6720639569966914,0.7442388395364724,0.9999999999999999,0.5316974691483547,0.6942591208223199,0.9093572113974716,1,0
30,3,84,1.0,0.8225803382986988,0.6737431737118792,0.7407594458148683,1.0,0.5232474991282077,0.6870157337237385,0.9026546824998042,2,0
30,3,85,1.0,0.8136198261945147,0.7118811023210742,0.7593578842396792,1.0000000000000002,0.4898208564454234,0.6575567180796371,0.89723305231143,4,0
30,3,86,1.0,0.8286736387333895,0.7016717934773857,0.7599028376978934,1.0,0.5061423994420529,0.6721043104948804,0.906311133032312,1,0
30,3,87,1.0,0.8407166887644892,0.7022022087629509,0.765241927803661,1.0,0.5131102520488804,0.6782192525020372,0.913466688161325,2,0
30,3,88,1.0,0.8725733510115915,0.6876520761454392,0.7691540798763224,0.9999999999999999,0.5438215349724376,0.7045134721250622,0.9319510507187497,1,0
30,3,89,1.0,0.8980586808092732,0.6996684183421044,0.7865464597977482,1.0,0.5500924176160453,0.7097543493078385,0.9462917979188809,2,0
30,3,90,1.0,0.8962247224251964,0.7399635415648922,0.8106324122219446,1.0,0.5190746408917696,0.6834090003464844,0.9452726903369981,1,0
30,3,91,1.0,0.9169797779401571,0.7041380841314541,0.7965866012986367,1.0,0.5581168555705585,0.7163992271506294,0.9566921764041505,2,0
30,3,92,1.0,0.8891393779076812,0.6681706529089401,0.7629782469866865,1.0,0.5703030082659707,0.7263604607059065,0.9413168644999064,1,0
30,3,93,1.0,0.8890892801039227,0.6569037062324239,0.7555610516136189,1.0,0.5800519304223004,0.7342188180704541,0.9412887886961193,2,0
30,3,94,1.0,0.9112714240831381,0.6537685306723043,0.7613359367040401,1.0,0.5973748776711735,0.747945752774191,0.9535761510380839,2,0
30,3,95,1.0,0.9290171392665104,0.6714935480799455,0.7795374563945192,0.9999999999999997,0.5929322830893198,0.7444538470140007,0.9632025764372003,1,0
30,3,96,1.0,0.898769266968764,0.6651384672080674,0.7645029173284055,1.0,0.5791077312333606,0.7334619668805611,0.9466861325426638,2,0
30,3,97,1.0,0.8523487469083446,0.6892921114848832,0.7621973227802044,1.0,0.529952851653355,0.6927701740359613,0.9202897114606026,1,0
30,3,98,1.0,0.8374345530822312,0.69125628360848,0.7573564033158032,1.0,0.5192003765607793,0.6835179671771329,0.9115258572638297,3,0
30,3,99,1.0,0.8255031980213405,0.6928871835489425,0.7534038582306126,0.9999999999999999,0.5105983964867187,0.6760213669950204,0.9044116700711363,0,0
30,3,100,1.0,0.8381803361948502,0.6748601911802338,0.7477057378090217,1.0000000000000002,0.5322882409988989,0.6947625476155846,0.9119674709717945,2,0
30,3,101,1.0,0.8483220467336579,0.695191297947572,0.7641606815755886,1.0,0.5229734499419761,0.6867794707280038,0.9179374863085216,3,0
30,3,102,1.0,0.8564354151647042,0.6652813194098741,0.7488522272831636,1.0,0.5517120932869142,0.7111011065438693,0.9226665341209521,3,0
30,3,103,1.0,0.8851483321317634,0.7029598103905998,0.7836036943109346,1.0000000000000002,0.5396457657921321,0.7009999024216974,0.9390755274210387,3,0
30,3,104,1.0,0.9081186657054108,0.700585784074122,0.7909657085025925,1.0000000000000002,0.5555261364432295,0.7142613980289158,0.9518471592223424,2,0
30,3,105,1.0,0.9042727103421063,0.7516333142979652,0.8209179557171755,1.0000000000000002,0.5156044043250617,0.6803944391474289,0.9497302623001429,3,0
30,3,106,1.0,0.9234181682736851,0.765111921638958,0.8368441325682955,1.0,0.5172454282219541,0.681821699509893,0.960184512661098,4,0
30,3,107,1.0,0.938734534618948,0.7758333853816947,0.8495453384755445,0.9999999999999999,0.518558247339468,0.6829612867968523,0.9683992499813319,0,0
30,3,108,1.0,0.9287654054729363,0.761640141490307,0.8369411897712984,1.0000000000000002,0.5226120512141155,0.6864677720071767,0.9630672582964559,4,0
30,3,109,1.0,0.943012324378349,0.7815103846984705,0.8546990080459342,0.9999999999999999,0.5171372600189115,0.6817277165975941,0.9706704507703604,1,0
30,3,110,1.0,0.9321876372804572,0.7677306850779626,0.8420040468740089,0.9999999999999999,0.5203764746817958,0.684536341291004,0.9649038419400154,1,0
30,3,111,1.0,0.9457501098243656,0.8003686730901481,0.8670071794446162,1.0,0.5064184659728195,0.6723476609081303,0.972118778304717,4,0
30,3,112,1.0,0.9343778656372703,0.7824277656115924,0.8516784571771044,1.0,0.5118014394449223,0.6770749466052061,0.9660758450929076,1,0
30,3,113,1.0,0.925280070287594,0.8102069069819617,0.8639284692521495,0.9999999999999998,0.48944115155593776,0.6572144875205648,0.9611900985910872,3,0
30,3,114,1.0,0.9180018340078528,0.8314163196573544,0.872566349755137,1.0,0.47320379469346735,0.642414574817095,0.9572481295177888,2,0
30,3,115,1.0,0.9121792449840602,0.819343374370159,0.863272604425354,1.0,0.477130802987871,0.6460237671880555,0.9540729483147006,4,0
30,3,116,1.0,0.9297433959872481,0.8127287441165231,0.8673070463282664,1.0,0.49027607096172526,0.6579667761092528,0.9635927739621521,4,0
30,3,117,1.0,0.9215724945675762,0.7886695783665589,0.8499570934749414,0.9999999999999998,0.5007922853408088,0.6673705485194253,0.9591857680862188,2,0
30,3,118,1.0,0.9150357734318388,0.7848163879542542,0.8449382680057559,1.0,0.4996814473202661,0.6663834485825391,0.9556330864692407,2,0
30,3,119,1.0,0.9098063965232489,0.7877378166713496,0.8443831964083215,1.0,0.4949832530943082,0.6621923718139244,0.9527734310446618,3,0
30,3,120,1.0,0.9278451172185989,0.7512430204840278,0.830256795637139,0.9999999999999996,0.5293199358087796,0.6922291711692742,0.9625722615696933,3,0
30,3,121,1.0,0.9200538715526569,0.7535759684375443,0.8285350448508552,0.9999999999999999,0.5232502343613095,0.6870180913915372,0.9583625597011532,1,0
30,3,122,1.0,0.9138208750199035,0.7220326437888841,0.8066840884635667,1.0,0.5424097112985715,0.7033276662164049,0.9549701196674426,2,0
30,3,123,1.0,0.9088344777937005,0.7095241621622831,0.7969062054357864,1.0000000000000002,0.5489601499912382,0.7088111982665836,0.9522402160759,0,0
30,3,124,1.0,0.882623137790516,0.6834663265926405,0.770381523496113,1.0,0.5534538342787046,0.7125462270794585,0.9376524914342443,4,0
30,3,125,1.0,0.8838762880101906,0.7219884701494145,0.7947723938012916,1.0,0.5246678293277258,0.6882388665065078,0.9383591625793735,4,0
30,3,126,1.0,0.8848788081859303,0.7076250579187967,0.7863873127357378,0.9999999999999999,0.5359247396526567,0.697852864553577,0.9389238229460141,2,0
30,3,127,1.0,0.9079030465487441,0.7535402559461425,0.8235508163815042,1.0,0.5163643250554587,0.6810557549045128,0.9517287036058502,1,0
30,3,128,1.0,0.9263224372389954,0.7666172650897018,0.8389368770199795,1.0,0.5178533648062718,0.6823496614541115,0.9617522168995721,0,0
30,3,129,1.0,0.918835727568974,0.7450062013152319,0.8228405633315647,0.9999999999999999,0.5285684061307316,0.6915861979231899,0.9577012918485442,1,0
30,3,130,1.0,0.9128463598329569,0.778296125938823,0.8402187177162843,1.0,0.5026619759001474,0.6690286757260031,0.954437720667407,4,0
30,3,131,1.0,0.9080548656441434,0.7648766534524079,0.8303387901498233,1.0,0.5087962473867845,0.6744399693040236,0.9518121118991949,1,0
30,3,132,1.0,0.9042216702930924,0.7433468059563378,0.8159300207284571,1.0,0.5213227121951419,0.6853545378848865,0.9497021112609407,0,0
30,3,133,1.0,0.923377336234474,0.7441573094641769,0.824136393117701,1.0,0.5317869475547214,0.6943353948845734,0.9601624380603677,2,0
30,3,134,1.0,0.9164796467653569,0.754371793590624,0.8275617786490769,0.9999999999999997,0.5206676532818723,0.6847882272739588,0.9564199111764063,3,0
30,3,135,1.0,0.888739272967841,0.7700478178011092,0.8251471711487478,0.9999999999999998,0.49462936072073593,0.6618756110641599,0.9410925961965457,4,0
30,3,136,1.0,0.8887691961520505,0.8039301556185752,0.8442235857467683,1.0,0.4737987266718268,0.642962594684516,0.9411093721379205,3,0
30,3,137,1.0,0.866570912477196,0.8702668879590384,0.8684149677165448,0.9999999999999998,0.4267513093480797,0.5982140076578217,0.9285164648013691,1,0
30,3,138,1.0,0.8932567299817568,0.8063968575326138,0.8476073304802846,0.9999999999999998,0.4747343808117969,0.6438235752671201,0.9436192311756515,1,0
30,3,139,1.0,0.8923831617631832,0.7453408596178999,0.812260947770932,0.9999999999999997,0.5131208379827709,0.6782284998028867,0.9431315811663914,2,0
30,3,140,1.0,0.8916843071883243,0.7527987807146043,0.8163767255152709,0.9999999999999997,0.5076395275290738,0.6734229479391044,0.9427411368799324,3,0
30,3,141,1.0,0.8911252235284375,0.707969935192293,0.7890585664137146,1.0000000000000002,0.5394449553565924,0.7008304564311455,0.9424285736782543,3,0
30,3,142,1.0,0.8906779566005275,0.6974140443332291,0.7822863102968817,0.9999999999999999,0.5473350119043214,0.707455085929595,0.942178390022574,0,0
30,3,143,1.0,0.9125423652804222,0.6846790365796346,0.7823569440913907,1.0,0.5712013428567906,0.7270886642932988,0.9542715307607033,3,0
30,3,144,1.0,0.9300338922243375,0.7045510944098754,0.8017403829875824,0.9999999999999999,0.5657303735285256,0.7226408621729642,0.963748767284585,0,0
30,3,145,1.0,0.921804891557248,0.6969132783588983,0.7937367738520031,0.9999999999999999,0.5668700131085347,0.723569930327422,0.9593116300274425,1,0
30,3,146,1.0,0.9152216910235761,0.6908251013867455,0.7873470691894734,0.9999999999999999,0.567781724772542,0.7243122123456531,0.9557344669947243,0,0
30,3,147,1.0,0.8877329083744167,0.6806182738446267,0.7704999321363463,1.0000000000000002,0.5589872845799386,0.7171158996727225,0.9405280847054472,3,0
30,3,148,1.0,0.9101863266995331,0.6947405989320362,0.7880027229303843,0.9999999999999999,0.5614755419496649,0.7191602133564052,0.9529817211833731,4,0
30,3,149,1.0,0.8837046169151821,0.7168072665389164,0.7915541239365733,1.0,0.5283575764168748,0.6914057084148741,0.9382624101249658,4,0
30,3,150,1.0,0.8625192490877013,0.713716674930795,0.7810942018797138,1.0,0.5179241563715951,0.6824111128313907,0.9261855946027727,2,0
30,3,151,1.0,0.890015399270161,0.7192665152811463,0.7955825129099183,0.9999999999999999,0.5303113143904499,0.6930763817840322,0.9418075636990523,2,0
30,3,152,1.0,0.8897900971939064,0.708103983812416,0.7886178690680674,0.9999999999999999,0.5385347657980741,0.7000618741543008,0.9416814052683729,1,0
30,3,153,1.0,0.9118320777551252,0.6926836046243898,0.7872919378324561,0.9999999999999997,0.5641611459717926,0.7213593655930977,0.9538830197114372,4,0
30,3,154,1.0,0.9072434399818778,0.6650311646791404,0.767480642058375,0.9999999999999997,0.5846622501107672,0.7379014046304182,0.9513661664401878,2,0
30,3,155,1.0,0.8813503075410579,0.6597852111645263,0.7546408368542522,1.0000000000000002,0.5724917048505188,0.728133195341644,0.9369337587033336,2,0
30,3,156,1.0,0.8828580238106242,0.6718110965951228,0.7630097096920841,0.9999999999999999,0.5632055296614079,0.7205777090404725,0.9377850189934671,1,0
30,3,157,1.0,0.8840641968262771,0.7285798965756944,0.7988264784837563,1.0,0.5200317186398331,0.6842379830141597,0.9384650462712376,2,0
30,3,158,1.0,0.8850291352387996,0.7272742330161508,0.7984339649732279,1.0,0.5215339463404379,0.6855370497580033,0.9390084415079156,1,0
30,3,159,1.0,0.8635788637465952,0.7090287026694198,0.7787094688987432,1.0,0.5219890618342551,0.6859301093861604,0.9267961560912215,1,0
30,3,160,1.0,0.8686408687750538,0.6999262675705027,0.7752101227332902,1.0,0.5318769637531182,0.6944121183858172,0.9297033831273016,1,0
30,3,161,1.0,0.8726904727978209,0.6928844247006336,0.7724620995806928,1.0,0.539787285288209,0.7011192915353558,0.9320178486239762,2,0
30,3,162,1.0,0.8537079337938123,0.6941701675961132,0.7657173765138703,0.9999999999999999,0.5270679234686623,0.6903005627561771,0.9210813831352681,4,0
30,3,163,1.0,0.7718552359239388,0.6827394471560899,0.7245675007465296,1.0,0.48451148163207286,0.6527554520486438,0.8712396140212355,2,0
30,3,164,1.0,0.7952619665169289,0.6765120803506116,0.73109636433276,1.0000000000000002,0.5037996614961345,0.6700356096568114,0.8859564579979976,1,0
30,3,165,1.0,0.8362095732135431,0.6802240476420643,0.7501942092887962,1.0,0.5268492530064313,0.6901129917954149,0.9107997098066491,1,0
30,3,166,1.0,0.8689676585708344,0.6829676762396967,0.764821586556669,0.9999999999999999,0.5452889262146688,0.7057436534543808,0.9298905249492846,0,0
30,3,167,1.0,0.8951741268566676,0.6850324958402584,0.7761306116862915,1.0,0.5600406647812589,0.7179821365230695,0.9446879990298325,4,0
30,3,168,1.0,0.9161393014853341,0.6866076486318001,0.7849376990747711,1.0,0.5718420556345309,0.7276075272126323,0.9562345501448357,0,0
30,3,169,1.0,0.9329114411882671,0.6992787838654331,0.7993739553572153,1.0,0.571759358793339,0.7275405813168326,0.96529144720128,3,0
30,3,170,1.0,0.9241069307283915,0.6814078391817606,0.7844134711706965,1.0000000000000002,0.5812170108441952,0.7351514774482341,0.9605567299511373,3,0
30,3,171,1.0,0.8948411001382688,0.6825041956494677,0.774380608881139,0.9999999999999997,0.5619061847169255,0.7195133615771723,0.9445025232701265,4,0
30,3,172,1.0,0.8492062134439484,0.7026515896724687,0.7690087257193953,1.0,0.5179601461046358,0.6824423519073495,0.918454856218975,3,0
30,3,173,1.0,0.8571427485329365,0.7294208403270711,0.788140845163839,1.0,0.5036144731807821,0.6698718084502392,0.9230768600960186,3,0
30,3,174,1.0,0.863491976604127,0.702614800537035,0.7747903933019674,1.0,0.5267011023541497,0.6899858807228012,0.9267461169086255,3,0
30,3,175,1.0,0.8907935812833015,0.7002740312135308,0.7841270945933952,0.9999999999999999,0.5451704056928434,0.7056443790073662,0.9422430772995437,2,0
30,3,176,1.0,0.9126348650266414,0.7081481965770383,0.7974919643625643,0.9999999999999999,0.5523268007447508,0.7116114989186093,0.9543221047723912,2,0
30,3,177,1.0,0.9301078920213128,0.7280372398627876,0.8167598474475675,1.0,0.5475237339291341,0.7076127130392779,0.9637884968671402,1,0
30,3,178,1.0,0.8996418691726061,0.7230298739815116,0.801724624885615,1.0000000000000002,0.5332570823814026,0.6955873069285496,0.9471699732165281,1,0
30,3,179,1.0,0.8974912731158626,0.7216175523742341,0.8000023785764552,1.0000000000000002,0.5330235050188745,0.6953885615893567,0.9459767070676388,2,0
30,3,180,1.0,0.8735485740482456,0.7545171863113573,0.8096815598549271,1.0,0.49618215078258143,0.6632643632635936,0.9325069935718153,2,0
30,3,181,1.0,0.8543944147941521,0.7439680524010562,0.7953667103709767,1.0000000000000002,0.49218381586416043,0.6596825546980278,0.9214807896075277,0,0
30,3,182,1.0,0.8612933096130995,0.7696290935506181,0.8128852579042044,1.0,0.47961506031037604,0.6482970783086893,0.9254783275314448,2,0
30,3,183,1.0,0.8890346476904796,0.764646190483016,0.8221622224452657,0.9999999999999997,0.49828908291496726,0.6651441148400155,0.9412581699095958,3,0
30,3,184,1.0,0.8890054959301613,0.8056432122631846,0.8452739969032986,0.9999999999999998,0.47291698061768817,0.6421502187032481,0.9412418310539725,1,0
30,3,185,1.0,0.8889821745219069,0.7734012074903331,0.8271736768450956,0.9999999999999997,0.49261929877986466,0.6600736024015691,0.9412287596063781,4,0
30,3,186,1.0,0.9111857396175256,0.8011594642500964,0.852637747733885,1.0000000000000002,0.48742877235722526,0.655397799767938,0.9535292365669031,2,0
30,3,187,1.0,0.8845041472495762,0.8066365315299524,0.8437776542353174,1.0000000000000002,0.4699430178857802,0.6394030410263107,0.9387128688896816,3,0
30,3,188,1.0,0.8631588733552165,0.7850830052324322,0.8222717443236207,1.0,0.47119250954671926,0.6405586032950856,0.9265542361407124,0,0
30,3,189,1.0,0.8238604320175065,0.7477529593211646,0.7839638927789598,0.9999999999999998,0.47219210287547064,0.6414816408173767,0.9034248647043388,4,0
30,3,190,1.0,0.836866123391783,0.7272454416462222,0.7782144024873712,0.9999999999999998,0.4931717539723308,0.6605693586961189,0.9111890221444175,4,0
30,3,191,1.0,0.8472706764912041,0.7131274265293858,0.7744330833655356,0.9999999999999997,0.5091881067843813,0.6747841498291496,0.9173216326916974,0,0
30,3,192,1.0,0.855594318970741,0.7269749352014172,0.7860580166746901,1.0,0.504396041463651,0.6705628405840739,0.9221782048193823,4,0
30,3,193,1.0,0.8622532329543707,0.7270363134615829,0.7888926384385916,0.9999999999999999,0.5082787379328254,0.6739851529425493,0.9260322041019625,1,0
30,3,194,1.0,0.8675803641412743,0.7397819758952789,0.7986006640142902,0.9999999999999998,0.5026077522510223,0.6689806458113596,0.9290956156954384,0,0
30,3,195,1.0,0.8718420690907972,0.7659651986200188,0.8154814022162866,0.9999999999999998,0.48781145894367484,0.6557436508655661,0.9315337906838194,0,0
30,3,196,1.0,0.8752514330504158,0.7714508754745832,0.8200795988340308,1.0000000000000002,0.48623673774541637,0.6543193629879251,0.9334763516236011,0,0
30,3,197,1.0,0.8779789242181102,0.7337704342397731,0.7994232764495015,0.9999999999999997,0.5127989140058565,0.6779472265061015,0.9350253220585566,3,0
30,3,198,1.0,0.9023831393744882,0.79765954881989,0.8467958279102117,1.0000000000000002,0.48483796343020924,0.6530516802118358,0.9486870659200605,1,0
30,3,199,1.0,0.9219065114995905,0.7868127110700457,0.8490192561599275,0.9999999999999998,0.5021560850298816,0.6685804358604884,0.9593666559569142,0,0
